{"preprocess_meta": {"initial_shape": [46, 91], "missing_fraction": {"bronze_correction_trips_removed": 0.0, "bronze_distance_km_mean": 0.0, "bronze_distance_km_std": 0.0, "bronze_duplicate_rows_removed": 0.0, "bronze_duration_mean": 0.0, "bronze_duration_std": 0.0, "bronze_excessive_daily_events_units": 0.0, "bronze_idle_time_invalid_corrected": 0.0, "bronze_impossible_speed_events": 0.0, "bronze_ingestion_duration_sec": 0.0, "bronze_input_rows": 0.0, "bronze_invalid_avg_speed_rows": 0.0, "bronze_negative_fuel_events": 0.0, "bronze_null_primary_key_rows": 0.0, "bronze_output_rows": 0.0, "bronze_rows_after_rule_filter": 0.0, "bronze_rows_before_rule_filter": 0.0, "bronze_rows_dropped_by_rules": 0.0, "bronze_start_after_end_rows": 0.0, "bronze_survival_rate": 0.0, "bronze_zero_distance_fuel_events": 0.0, "mean_fuel_per_100km": 0.0, "mean_idling_per_100km": 0.0, "p50_fuel_per_100km": 0.0, "p50_idling_per_100km": 0.0, "p95_fuel_per_100km": 0.0, "p95_idling_per_100km": 0.0, "raw_avg_speed_mean": 0.0, "raw_avg_speed_std": 0.0, "raw_distance_mean": 0.0, "raw_distance_std": 0.0, "raw_ingestion_duration_sec": 0.0, "raw_input_record_count": 0.0, "raw_max_trip_end_ts": 0.0, "raw_min_trip_start_ts": 0.0, "raw_null_count_account_id": 0.0, "raw_null_count_avg_speed": 0.0, "raw_null_count_date": 0.0, "raw_null_count_distance": 0.0, "raw_null_count_driver_id": 0.0, "raw_null_count_end": 0.0, "raw_null_count_end_latitude": 0.0, "raw_null_count_end_longitude": 0.0, "raw_null_count_fuel_consumption": 0.0, "raw_null_count_fuel_consumption_ecol": 0.0, "raw_null_count_fuel_consumption_ecor": 0.0, "raw_null_count_fuel_consumption_fms_high": 0.0, "raw_null_count_fuel_consumption_fms_low": 0.0, "raw_null_count_gps_coverage": 0.0, "raw_null_count_hour": 0.0, "raw_null_count_idle_time": 0.0, "raw_null_count_max_speed": 0.0, "raw_null_count_start": 0.0, "raw_null_count_start_latitude": 0.0, "raw_null_count_start_longitude": 0.0, "raw_null_count_trip_type": 0.0, "raw_null_count_unit_id": 0.0, "raw_poor_gps_coverage_count": 0.0, "raw_temporal_coverage_hours": 0.0, "raw_unique_units": 0.0, "silver_avg_speed_imputed": 0.0, "silver_count_after_feature_engineering": 0.0, "silver_count_after_vehicle_info_join": 0.0, "silver_fuel_ecol_available": 0.0, "silver_fuel_ecor_available": 0.0, "silver_fuel_fms_high_available": 0.0, "silver_fuel_fms_low_available": 0.0, "silver_fuel_source_disagreement_count": 0.0, "silver_fuel_subtype_nulls": 0.0, "silver_ingestion_duration_sec": 0.0, "silver_input_data_count": 0.0, "silver_ml_abs_residual_mean": 0.0, "silver_ml_abs_residual_p95": 0.0, "silver_ml_imputation_count": 0.0, "silver_ml_imputed_fuel_mean": 0.0, "silver_ml_imputed_fuel_p95": 0.0, "silver_ml_imputed_fuel_std": 0.0, "silver_ml_large_error_count": 0.0, "silver_ml_percentage_error_mean": 0.0, "silver_ml_prediction_mean": 0.0, "silver_ml_prediction_std": 0.0, "silver_ml_residual_analysis_count": 0.0, "silver_ml_residual_mean": 0.0, "silver_ml_residual_std": 0.0, "silver_null_vehicle_fuel_subtype_rows": 0.0, "silver_null_vehicle_type_rows": 0.0, "silver_output_rows": 0.0, "silver_survival_rate": 0.0, "silver_total_after_join": 0.0, "silver_vehicle_info_join_miss_rate": 0.0, "silver_vehicle_type_nulls": 0.0}, "dropped_all_null": [], "dropped_high_missing": [], "dropped_constant": ["bronze_negative_fuel_events", "bronze_null_primary_key_rows", "bronze_zero_distance_fuel_events", "raw_null_count_account_id", "raw_null_count_date", "raw_null_count_end", "raw_null_count_hour", "raw_null_count_start", "raw_null_count_trip_type", "raw_null_count_unit_id", "silver_fuel_source_disagreement_count", "silver_survival_rate"], "num_missing_indicators": 0, "pre_reduction_shape": [46, 79], "feature_reduction": {"applied": false}, "final_shape": [46, 79]}, "lag_meta": {"lags": 1, "rolling_windows": [3], "dropped_rows": 2, "dropped_high_corr_cols": []}, "skeleton": {"method": "precision-partial-corr", "edges": [{"from": "bronze_survival_rate_lag1", "to": "raw_ingestion_duration_sec_lag1", "partial_corr": -0.23135776343654618}, {"from": "bronze_survival_rate_lag1", "to": "bronze_start_after_end_rows_lag1", "partial_corr": -0.49729553261021714}, {"from": "bronze_survival_rate_lag1", "to": "silver_vehicle_info_join_miss_rate", "partial_corr": 0.17678644227414173}, {"from": "bronze_survival_rate_lag1", "to": "bronze_duplicate_rows_removed_lag1", "partial_corr": -0.3203725453641775}, {"from": "bronze_survival_rate_lag1", "to": "bronze_duplicate_rows_removed", "partial_corr": 0.10429764905615181}, {"from": "bronze_survival_rate_lag1", "to": "silver_ingestion_duration_sec_lag1", "partial_corr": 0.16972143753205093}, {"from": "bronze_survival_rate_lag1", "to": "raw_temporal_coverage_hours", "partial_corr": -0.1813462489958942}, {"from": "bronze_survival_rate_lag1", "to": "silver_ml_imputed_fuel_std_lag1", "partial_corr": 0.19324232151278037}, {"from": "bronze_survival_rate_lag1", "to": "silver_ml_imputed_fuel_std", "partial_corr": 0.25208889057394135}, {"from": "raw_ingestion_duration_sec_lag1", "to": "raw_avg_speed_std", "partial_corr": 0.11608139660660309}, {"from": "raw_ingestion_duration_sec_lag1", "to": "bronze_duplicate_rows_removed_lag1", "partial_corr": -0.712931865821607}, {"from": "raw_ingestion_duration_sec_lag1", "to": "silver_ingestion_duration_sec_lag1", "partial_corr": 0.8794118062092114}, {"from": "raw_ingestion_duration_sec_lag1", "to": "raw_temporal_coverage_hours", "partial_corr": -0.13174716266629988}, {"from": "raw_ingestion_duration_sec_lag1", "to": "silver_ml_imputed_fuel_std_lag1", "partial_corr": 0.12650585788007698}, {"from": "bronze_duration_mean_lag1", "to": "bronze_duration_std_lag1", "partial_corr": 0.9518692558392464}, {"from": "bronze_duration_mean_lag1", "to": "bronze_survival_rate", "partial_corr": -0.23585458297578632}, {"from": "bronze_duration_mean_lag1", "to": "raw_temporal_coverage_hours_lag1", "partial_corr": -0.19202614452818773}, {"from": "bronze_duration_std_lag1", "to": "bronze_survival_rate", "partial_corr": 0.11179022660848727}, {"from": "bronze_duration_std_lag1", "to": "raw_temporal_coverage_hours_lag1", "partial_corr": 0.22529552628526062}, {"from": "bronze_duration_mean", "to": "bronze_duration_std", "partial_corr": 0.9510784741885626}, {"from": "bronze_duration_mean", "to": "raw_temporal_coverage_hours", "partial_corr": -0.14809293212882707}, {"from": "bronze_duration_mean", "to": "silver_ml_imputed_fuel_std_lag1", "partial_corr": -0.2033193736582616}, {"from": "bronze_start_after_end_rows_lag1", "to": "silver_vehicle_info_join_miss_rate", "partial_corr": -0.21200515995303584}, {"from": "bronze_start_after_end_rows_lag1", "to": "raw_avg_speed_std", "partial_corr": 0.3895913670626254}, {"from": "bronze_start_after_end_rows_lag1", "to": "bronze_duplicate_rows_removed_lag1", "partial_corr": -0.10636195514710582}, {"from": "bronze_start_after_end_rows_lag1", "to": "bronze_survival_rate", "partial_corr": -0.1556050104408897}, {"from": "bronze_start_after_end_rows_lag1", "to": "silver_ml_imputed_fuel_std_lag1", "partial_corr": -0.1402005015091054}, {"from": "silver_vehicle_info_join_miss_rate", "to": "raw_ingestion_duration_sec", "partial_corr": 0.16243110920643747}, {"from": "silver_vehicle_info_join_miss_rate", "to": "raw_avg_speed_std", "partial_corr": 0.43828264421518864}, {"from": "silver_vehicle_info_join_miss_rate", "to": "bronze_duplicate_rows_removed_lag1", "partial_corr": 0.19367884902844618}, {"from": "silver_vehicle_info_join_miss_rate", "to": "silver_ingestion_duration_sec", "partial_corr": -0.17205971035014533}, {"from": "silver_vehicle_info_join_miss_rate", "to": "bronze_survival_rate", "partial_corr": -0.19261804186616407}, {"from": "silver_vehicle_info_join_miss_rate", "to": "raw_temporal_coverage_hours_lag1", "partial_corr": -0.2282262063710059}, {"from": "silver_vehicle_info_join_miss_rate", "to": "silver_ml_imputed_fuel_std_lag1", "partial_corr": -0.1180653470820278}, {"from": "raw_ingestion_duration_sec", "to": "raw_avg_speed_std", "partial_corr": 0.26991141541317537}, {"from": "raw_ingestion_duration_sec", "to": "bronze_duplicate_rows_removed", "partial_corr": -0.7646523546399657}, {"from": "raw_ingestion_duration_sec", "to": "silver_ingestion_duration_sec", "partial_corr": 0.9088900657635509}, {"from": "raw_ingestion_duration_sec", "to": "bronze_survival_rate", "partial_corr": -0.16128359615900895}, {"from": "raw_avg_speed_std", "to": "bronze_duplicate_rows_removed", "partial_corr": 0.3642182814163468}, {"from": "raw_avg_speed_std", "to": "silver_ingestion_duration_sec", "partial_corr": -0.2307337891403521}, {"from": "raw_avg_speed_std", "to": "raw_temporal_coverage_hours", "partial_corr": 0.19927415834746323}, {"from": "bronze_duration_std", "to": "raw_temporal_coverage_hours", "partial_corr": 0.23182360320910952}, {"from": "bronze_duplicate_rows_removed_lag1", "to": "silver_ingestion_duration_sec_lag1", "partial_corr": 0.7813053539654989}, {"from": "bronze_duplicate_rows_removed_lag1", "to": "raw_temporal_coverage_hours", "partial_corr": -0.11867757196983746}, {"from": "bronze_duplicate_rows_removed_lag1", "to": "silver_ml_imputed_fuel_std_lag1", "partial_corr": -0.17695772131527934}, {"from": "bronze_duplicate_rows_removed_lag1", "to": "silver_ml_imputed_fuel_std", "partial_corr": -0.18356460395008578}, {"from": "bronze_duplicate_rows_removed", "to": "silver_ingestion_duration_sec", "partial_corr": 0.8129742657051573}, {"from": "bronze_duplicate_rows_removed", "to": "bronze_survival_rate", "partial_corr": -0.1952240827285034}, {"from": "bronze_duplicate_rows_removed", "to": "silver_ml_imputed_fuel_std", "partial_corr": -0.2476232787173342}, {"from": "silver_ingestion_duration_sec_lag1", "to": "silver_ml_imputed_fuel_std", "partial_corr": 0.15117570485788154}, {"from": "silver_ingestion_duration_sec", "to": "bronze_survival_rate", "partial_corr": 0.1319128105360932}, {"from": "bronze_survival_rate", "to": "raw_temporal_coverage_hours", "partial_corr": 0.10435292327674682}, {"from": "bronze_survival_rate", "to": "silver_ml_imputed_fuel_std", "partial_corr": 0.1909209448468575}, {"from": "raw_temporal_coverage_hours", "to": "raw_temporal_coverage_hours_lag1", "partial_corr": -0.1312485786656763}, {"from": "raw_temporal_coverage_hours", "to": "silver_ml_imputed_fuel_std_lag1", "partial_corr": 0.12791409979392854}, {"from": "raw_temporal_coverage_hours", "to": "silver_ml_imputed_fuel_std", "partial_corr": 0.12105355398894327}, {"from": "raw_temporal_coverage_hours_lag1", "to": "silver_ml_imputed_fuel_std", "partial_corr": 0.17407412065772265}, {"from": "silver_ml_imputed_fuel_std_lag1", "to": "silver_ml_imputed_fuel_std", "partial_corr": -0.3264193775875556}, {"from": "p95_idling_per_100km", "to": "p50_idling_per_100km", "partial_corr": 0.49520948220112754}, {"from": "p95_idling_per_100km", "to": "mean_idling_per_100km", "partial_corr": 0.49460852600129324}, {"from": "p50_idling_per_100km", "to": "mean_idling_per_100km", "partial_corr": 0.4948542729646664}], "partial_correlations": "[[ 0.00000000e+00 -2.31357763e-01  5.50212671e-02 -1.05614754e-02\n   4.26396658e-02 -4.97295533e-01  1.76786442e-01  3.25255311e-02\n   7.20389322e-02 -1.52041720e-02 -3.20372545e-01  1.04297649e-01\n   1.69721438e-01  6.41196910e-03  2.37242950e-02 -1.81346249e-01\n   9.45966584e-02  1.93242322e-01 -1.61562792e-02 -1.65145656e-02\n  -1.59312272e-02  2.52088891e-01]\n [-2.31357763e-01  0.00000000e+00  2.97915850e-02 -2.56529298e-02\n   0.00000000e+00 -0.00000000e+00  8.76633001e-02 -2.20564791e-02\n   1.16081397e-01  1.23005728e-02 -7.12931866e-01  5.50646984e-03\n   8.79411806e-01 -9.22337326e-06  0.00000000e+00 -1.31747163e-01\n   2.43944842e-02  1.26505858e-01 -1.14582497e-02 -1.11049765e-02\n  -1.08363553e-02 -5.81024376e-02]\n [ 5.50212671e-02  2.97915850e-02  0.00000000e+00  9.51869256e-01\n  -1.28068670e-02 -4.45199447e-02  3.60708544e-02 -8.45540496e-03\n  -0.00000000e+00 -2.50438628e-03 -8.83011063e-02 -4.52514126e-02\n  -0.00000000e+00  0.00000000e+00 -2.35854583e-01  1.57428291e-02\n  -1.92026145e-01 -0.00000000e+00  1.91336212e-03  1.05854021e-03\n   9.46544983e-04 -0.00000000e+00]\n [-1.05614754e-02 -2.56529298e-02  9.51869256e-01  0.00000000e+00\n   1.62814174e-02  0.00000000e+00 -3.60247797e-02 -2.65819761e-02\n   5.08047239e-02  0.00000000e+00  7.92803539e-02 -0.00000000e+00\n  -2.35642812e-02  3.78755334e-03  1.11790227e-01 -5.16114231e-02\n   2.25295526e-01 -5.98514728e-02  4.09270353e-03  5.02133783e-03\n   5.01218387e-03 -1.69176513e-02]\n [ 4.26396658e-02  0.00000000e+00 -1.28068670e-02  1.62814174e-02\n   0.00000000e+00 -2.69515728e-02  8.37874494e-03  1.98549481e-02\n   2.87145146e-02  9.51078474e-01  0.00000000e+00 -8.45159811e-02\n   1.12392371e-02 -0.00000000e+00  9.93445595e-02 -1.48092932e-01\n   5.78129287e-02 -2.03319374e-01  0.00000000e+00 -0.00000000e+00\n   0.00000000e+00 -2.00472883e-02]\n [-4.97295533e-01 -0.00000000e+00 -4.45199447e-02  0.00000000e+00\n  -2.69515728e-02  0.00000000e+00 -2.12005160e-01  0.00000000e+00\n   3.89591367e-01  2.31726842e-02 -1.06361955e-01  2.67820279e-02\n  -3.68773773e-02  1.09458977e-02 -1.55605010e-01 -2.23748771e-02\n  -7.57307799e-02 -1.40200502e-01 -1.14588845e-03 -1.02688571e-03\n  -1.18206466e-03  6.89899658e-02]\n [ 1.76786442e-01  8.76633001e-02  3.60708544e-02 -3.60247797e-02\n   8.37874494e-03 -2.12005160e-01  0.00000000e+00  1.62431109e-01\n   4.38282644e-01  1.51561953e-02  1.93678849e-01  8.23483402e-02\n  -5.04346675e-02 -1.72059710e-01 -1.92618042e-01 -5.13305845e-02\n  -2.28226206e-01 -1.18065347e-01  1.29610616e-02  1.37399980e-02\n   1.30561444e-02  9.74847996e-03]\n [ 3.25255311e-02 -2.20564791e-02 -8.45540496e-03 -2.65819761e-02\n   1.98549481e-02  0.00000000e+00  1.62431109e-01  0.00000000e+00\n   2.69911415e-01 -7.03747982e-03 -5.29742536e-03 -7.64652355e-01\n   0.00000000e+00  9.08890066e-01 -1.61283596e-01 -2.49541481e-02\n  -1.59928475e-02  0.00000000e+00 -4.07914708e-03 -4.84618391e-03\n  -4.65984858e-03  2.50670303e-02]\n [ 7.20389322e-02  1.16081397e-01 -0.00000000e+00  5.08047239e-02\n   2.87145146e-02  3.89591367e-01  4.38282644e-01  2.69911415e-01\n   0.00000000e+00 -4.05824714e-02 -1.54937244e-03  3.64218281e-01\n  -2.09721702e-02 -2.30733789e-01  9.53072696e-02  1.99274158e-01\n   1.63828555e-02  5.00963696e-02 -2.06891089e-02 -2.13519476e-02\n  -2.06624760e-02  8.33647668e-02]\n [-1.52041720e-02  1.23005728e-02 -2.50438628e-03  0.00000000e+00\n   9.51078474e-01  2.31726842e-02  1.51561953e-02 -7.03747982e-03\n  -4.05824714e-02  0.00000000e+00 -1.32105542e-02  7.12642349e-02\n   9.32948234e-03 -2.35614163e-02 -4.00124335e-02  2.31823603e-01\n  -0.00000000e+00  7.05027976e-02  3.59735450e-03  3.76114579e-03\n   3.63473217e-03 -8.26516889e-02]\n [-3.20372545e-01 -7.12931866e-01 -8.83011063e-02  7.92803539e-02\n   0.00000000e+00 -1.06361955e-01  1.93678849e-01 -5.29742536e-03\n  -1.54937244e-03 -1.32105542e-02  0.00000000e+00  2.45706172e-02\n   7.81305354e-01 -0.00000000e+00  7.85353308e-03 -1.18677572e-01\n   6.22057611e-02 -1.76957721e-01 -1.79103753e-02 -1.78980151e-02\n  -1.74961048e-02 -1.83564604e-01]\n [ 1.04297649e-01  5.50646984e-03 -4.52514126e-02 -0.00000000e+00\n  -8.45159811e-02  2.67820279e-02  8.23483402e-02 -7.64652355e-01\n   3.64218281e-01  7.12642349e-02  2.45706172e-02  0.00000000e+00\n  -0.00000000e+00  8.12974266e-01 -1.95224083e-01  2.27801223e-05\n   8.21545533e-02 -5.10339646e-02  9.41141743e-04  4.60833614e-04\n   3.89077881e-04 -2.47623279e-01]\n [ 1.69721438e-01  8.79411806e-01 -0.00000000e+00 -2.35642812e-02\n   1.12392371e-02 -3.68773773e-02 -5.04346675e-02  0.00000000e+00\n  -2.09721702e-02  9.32948234e-03  7.81305354e-01 -0.00000000e+00\n   0.00000000e+00  0.00000000e+00  4.96490349e-02 -1.35928613e-03\n  -7.12594511e-02 -2.72890695e-02  1.50329578e-02  1.47878164e-02\n   1.45009547e-02  1.51175705e-01]\n [ 6.41196910e-03 -9.22337326e-06  0.00000000e+00  3.78755334e-03\n  -0.00000000e+00  1.09458977e-02 -1.72059710e-01  9.08890066e-01\n  -2.30733789e-01 -2.35614163e-02 -0.00000000e+00  8.12974266e-01\n   0.00000000e+00  0.00000000e+00  1.31912811e-01 -3.21017595e-02\n  -5.66698988e-03 -1.79113193e-03  9.31077689e-03  1.01911276e-02\n   9.91019035e-03 -0.00000000e+00]\n [ 2.37242950e-02  0.00000000e+00 -2.35854583e-01  1.11790227e-01\n   9.93445595e-02 -1.55605010e-01 -1.92618042e-01 -1.61283596e-01\n   9.53072696e-02 -4.00124335e-02  7.85353308e-03 -1.95224083e-01\n   4.96490349e-02  1.31912811e-01  0.00000000e+00  1.04352923e-01\n  -8.50496003e-02  1.52898516e-02  2.81146563e-03  2.42088807e-03\n   2.43201365e-03  1.90920945e-01]\n [-1.81346249e-01 -1.31747163e-01  1.57428291e-02 -5.16114231e-02\n  -1.48092932e-01 -2.23748771e-02 -5.13305845e-02 -2.49541481e-02\n   1.99274158e-01  2.31823603e-01 -1.18677572e-01  2.27801223e-05\n  -1.35928613e-03 -3.21017595e-02  1.04352923e-01  0.00000000e+00\n  -1.31248579e-01  1.27914100e-01  4.38772544e-03  4.47300211e-03\n   4.50807043e-03  1.21053554e-01]\n [ 9.45966584e-02  2.43944842e-02 -1.92026145e-01  2.25295526e-01\n   5.78129287e-02 -7.57307799e-02 -2.28226206e-01 -1.59928475e-02\n   1.63828555e-02 -0.00000000e+00  6.22057611e-02  8.21545533e-02\n  -7.12594511e-02 -5.66698988e-03 -8.50496003e-02 -1.31248579e-01\n   0.00000000e+00  8.13285948e-02  2.03911075e-04  1.30862352e-05\n   0.00000000e+00  1.74074121e-01]\n [ 1.93242322e-01  1.26505858e-01 -0.00000000e+00 -5.98514728e-02\n  -2.03319374e-01 -1.40200502e-01 -1.18065347e-01  0.00000000e+00\n   5.00963696e-02  7.05027976e-02 -1.76957721e-01 -5.10339646e-02\n  -2.72890695e-02 -1.79113193e-03  1.52898516e-02  1.27914100e-01\n   8.13285948e-02  0.00000000e+00  1.67531235e-04  4.49205060e-04\n   1.52436610e-04 -3.26419378e-01]\n [-1.61562792e-02 -1.14582497e-02  1.91336212e-03  4.09270353e-03\n   0.00000000e+00 -1.14588845e-03  1.29610616e-02 -4.07914708e-03\n  -2.06891089e-02  3.59735450e-03 -1.79103753e-02  9.41141743e-04\n   1.50329578e-02  9.31077689e-03  2.81146563e-03  4.38772544e-03\n   2.03911075e-04  1.67531235e-04  0.00000000e+00  4.95209482e-01\n   4.94608526e-01 -4.01250872e-03]\n [-1.65145656e-02 -1.11049765e-02  1.05854021e-03  5.02133783e-03\n  -0.00000000e+00 -1.02688571e-03  1.37399980e-02 -4.84618391e-03\n  -2.13519476e-02  3.76114579e-03 -1.78980151e-02  4.60833614e-04\n   1.47878164e-02  1.01911276e-02  2.42088807e-03  4.47300211e-03\n   1.30862352e-05  4.49205060e-04  4.95209482e-01  0.00000000e+00\n   4.94854273e-01 -3.65410399e-03]\n [-1.59312272e-02 -1.08363553e-02  9.46544983e-04  5.01218387e-03\n   0.00000000e+00 -1.18206466e-03  1.30561444e-02 -4.65984858e-03\n  -2.06624760e-02  3.63473217e-03 -1.74961048e-02  3.89077881e-04\n   1.45009547e-02  9.91019035e-03  2.43201365e-03  4.50807043e-03\n   0.00000000e+00  1.52436610e-04  4.94608526e-01  4.94854273e-01\n   0.00000000e+00 -4.02279300e-03]\n [ 2.52088891e-01 -5.81024376e-02 -0.00000000e+00 -1.69176513e-02\n  -2.00472883e-02  6.89899658e-02  9.74847996e-03  2.50670303e-02\n   8.33647668e-02 -8.26516889e-02 -1.83564604e-01 -2.47623279e-01\n   1.51175705e-01 -0.00000000e+00  1.90920945e-01  1.21053554e-01\n   1.74074121e-01 -3.26419378e-01 -4.01250872e-03 -3.65410399e-03\n  -4.02279300e-03  0.00000000e+00]]"}, "filtered_edges": [["bronze_survival_rate_lag1", "raw_ingestion_duration_sec_lag1", -0.23135776343654618], ["bronze_survival_rate_lag1", "bronze_start_after_end_rows_lag1", -0.49729553261021714], ["bronze_survival_rate_lag1", "silver_vehicle_info_join_miss_rate", 0.17678644227414173], ["bronze_survival_rate_lag1", "bronze_duplicate_rows_removed_lag1", -0.3203725453641775], ["bronze_survival_rate_lag1", "bronze_duplicate_rows_removed", 0.10429764905615181], ["bronze_survival_rate_lag1", "silver_ingestion_duration_sec_lag1", 0.16972143753205093], ["bronze_survival_rate_lag1", "raw_temporal_coverage_hours", -0.1813462489958942], ["bronze_survival_rate_lag1", "silver_ml_imputed_fuel_std_lag1", 0.19324232151278037], ["bronze_survival_rate_lag1", "silver_ml_imputed_fuel_std", 0.25208889057394135], ["raw_ingestion_duration_sec_lag1", "raw_avg_speed_std", 0.11608139660660309], ["raw_ingestion_duration_sec_lag1", "bronze_duplicate_rows_removed_lag1", -0.712931865821607], ["raw_ingestion_duration_sec_lag1", "silver_ingestion_duration_sec_lag1", 0.8794118062092114], ["raw_ingestion_duration_sec_lag1", "raw_temporal_coverage_hours", -0.13174716266629988], ["raw_ingestion_duration_sec_lag1", "silver_ml_imputed_fuel_std_lag1", 0.12650585788007698], ["bronze_duration_mean_lag1", "bronze_duration_std_lag1", 0.9518692558392464], ["bronze_duration_mean_lag1", "bronze_survival_rate", -0.23585458297578632], ["bronze_duration_mean_lag1", "raw_temporal_coverage_hours_lag1", -0.19202614452818773], ["bronze_duration_std_lag1", "bronze_survival_rate", 0.11179022660848727], ["bronze_duration_std_lag1", "raw_temporal_coverage_hours_lag1", 0.22529552628526062], ["bronze_duration_mean", "bronze_duration_std", 0.9510784741885626], ["bronze_duration_mean", "silver_ml_imputed_fuel_std_lag1", -0.2033193736582616], ["bronze_start_after_end_rows_lag1", "silver_vehicle_info_join_miss_rate", -0.21200515995303584], ["bronze_start_after_end_rows_lag1", "raw_avg_speed_std", 0.3895913670626254], ["bronze_start_after_end_rows_lag1", "bronze_duplicate_rows_removed_lag1", -0.10636195514710582], ["bronze_start_after_end_rows_lag1", "bronze_survival_rate", -0.1556050104408897], ["bronze_start_after_end_rows_lag1", "silver_ml_imputed_fuel_std_lag1", -0.1402005015091054], ["silver_vehicle_info_join_miss_rate", "bronze_duplicate_rows_removed_lag1", 0.19367884902844618], ["silver_vehicle_info_join_miss_rate", "silver_ingestion_duration_sec", -0.17205971035014533], ["silver_vehicle_info_join_miss_rate", "raw_temporal_coverage_hours_lag1", -0.2282262063710059], ["silver_vehicle_info_join_miss_rate", "silver_ml_imputed_fuel_std_lag1", -0.1180653470820278], ["raw_ingestion_duration_sec", "raw_avg_speed_std", 0.26991141541317537], ["raw_ingestion_duration_sec", "bronze_duplicate_rows_removed", -0.7646523546399657], ["raw_ingestion_duration_sec", "silver_ingestion_duration_sec", 0.9088900657635509], ["raw_ingestion_duration_sec", "bronze_survival_rate", -0.16128359615900895], ["raw_avg_speed_std", "bronze_duplicate_rows_removed", 0.3642182814163468], ["raw_avg_speed_std", "silver_ingestion_duration_sec", -0.2307337891403521], ["raw_avg_speed_std", "raw_temporal_coverage_hours", 0.19927415834746323], ["bronze_duplicate_rows_removed_lag1", "silver_ingestion_duration_sec_lag1", 0.7813053539654989], ["bronze_duplicate_rows_removed_lag1", "raw_temporal_coverage_hours", -0.11867757196983746], ["bronze_duplicate_rows_removed_lag1", "silver_ml_imputed_fuel_std_lag1", -0.17695772131527934], ["bronze_duplicate_rows_removed_lag1", "silver_ml_imputed_fuel_std", -0.18356460395008578], ["bronze_duplicate_rows_removed", "silver_ingestion_duration_sec", 0.8129742657051573], ["bronze_duplicate_rows_removed", "bronze_survival_rate", -0.1952240827285034], ["bronze_duplicate_rows_removed", "silver_ml_imputed_fuel_std", -0.2476232787173342], ["silver_ingestion_duration_sec_lag1", "silver_ml_imputed_fuel_std", 0.15117570485788154], ["bronze_survival_rate", "silver_ml_imputed_fuel_std", 0.1909209448468575], ["raw_temporal_coverage_hours", "raw_temporal_coverage_hours_lag1", -0.1312485786656763], ["raw_temporal_coverage_hours", "silver_ml_imputed_fuel_std_lag1", 0.12791409979392854], ["raw_temporal_coverage_hours", "silver_ml_imputed_fuel_std", 0.12105355398894327], ["raw_temporal_coverage_hours_lag1", "silver_ml_imputed_fuel_std", 0.17407412065772265], ["silver_ml_imputed_fuel_std_lag1", "silver_ml_imputed_fuel_std", -0.3264193775875556], ["p95_idling_per_100km", "p50_idling_per_100km", 0.49520948220112754], ["p95_idling_per_100km", "mean_idling_per_100km", 0.49460852600129324], ["p50_idling_per_100km", "mean_idling_per_100km", 0.4948542729646664], ["raw_input_record_count", "bronze_input_rows", null], ["raw_ingestion_duration_sec", "bronze_ingestion_duration_sec", null], ["raw_min_trip_start_ts", "bronze_input_rows", null], ["raw_max_trip_end_ts", "bronze_output_rows", null], ["raw_distance_mean", "bronze_distance_km_mean", null], ["raw_avg_speed_mean", "silver_avg_speed_imputed", null], ["raw_unique_units", "bronze_output_rows", null], ["raw_null_count_unit_id", "bronze_null_primary_key_rows", null], ["bronze_input_rows", "silver_input_data_count", null], ["bronze_output_rows", "silver_count_after_feature_engineering", null], ["bronze_survival_rate", "silver_survival_rate", null], ["bronze_distance_km_mean", "silver_avg_speed_imputed", null], ["bronze_duration_mean", "silver_avg_speed_imputed", null], ["bronze_ingestion_duration_sec", "silver_ingestion_duration_sec", null], ["bronze_distance_km_mean", "mean_fuel_per_100km", null], ["bronze_distance_km_mean", "p50_fuel_per_100km", null], ["bronze_distance_km_mean", "p95_fuel_per_100km", null], ["silver_ml_imputed_fuel_mean", "silver_ml_prediction_mean", null], ["silver_ml_residual_mean", "silver_ml_abs_residual_mean", null]], "review": {"removed": [["bronze_duration_mean", "raw_temporal_coverage_hours", -0.14809293212882707, "blacklisted"], ["silver_vehicle_info_join_miss_rate", "raw_ingestion_duration_sec", 0.16243110920643747, "blacklisted"], ["silver_vehicle_info_join_miss_rate", "raw_avg_speed_std", 0.43828264421518864, "blacklisted"], ["silver_vehicle_info_join_miss_rate", "bronze_survival_rate", -0.19261804186616407, "blacklisted"], ["bronze_duration_std", "raw_temporal_coverage_hours", 0.23182360320910952, "blacklisted"], ["silver_ingestion_duration_sec", "bronze_survival_rate", 0.1319128105360932, "blacklisted"], ["bronze_survival_rate", "raw_temporal_coverage_hours", 0.10435292327674682, "blacklisted"]], "added": [["raw_input_record_count", "bronze_input_rows", null, "whitelisted"], ["raw_ingestion_duration_sec", "bronze_ingestion_duration_sec", null, "whitelisted"], ["raw_min_trip_start_ts", "bronze_input_rows", null, "whitelisted"], ["raw_max_trip_end_ts", "bronze_output_rows", null, "whitelisted"], ["raw_distance_mean", "bronze_distance_km_mean", null, "whitelisted"], ["raw_avg_speed_mean", "silver_avg_speed_imputed", null, "whitelisted"], ["raw_unique_units", "bronze_output_rows", null, "whitelisted"], ["raw_null_count_unit_id", "bronze_null_primary_key_rows", null, "whitelisted"], ["bronze_input_rows", "silver_input_data_count", null, "whitelisted"], ["bronze_output_rows", "silver_count_after_feature_engineering", null, "whitelisted"], ["bronze_survival_rate", "silver_survival_rate", null, "whitelisted"], ["bronze_distance_km_mean", "silver_avg_speed_imputed", null, "whitelisted"], ["bronze_duration_mean", "silver_avg_speed_imputed", null, "whitelisted"], ["bronze_ingestion_duration_sec", "silver_ingestion_duration_sec", null, "whitelisted"], ["bronze_distance_km_mean", "mean_fuel_per_100km", null, "whitelisted"], ["bronze_distance_km_mean", "p50_fuel_per_100km", null, "whitelisted"], ["bronze_distance_km_mean", "p95_fuel_per_100km", null, "whitelisted"], ["silver_ml_imputed_fuel_mean", "silver_ml_prediction_mean", null, "whitelisted"], ["silver_ml_residual_mean", "silver_ml_abs_residual_mean", null, "whitelisted"]]}, "granger": {"bronze_survival_rate_lag1->raw_ingestion_duration_sec_lag1": {"pvals_a_to_b": [0.4586916432755306], "a_causes_b": "False", "pvals_b_to_a": [0.40210908026714876], "b_causes_a": "False"}, "bronze_survival_rate_lag1->bronze_start_after_end_rows_lag1": {"pvals_a_to_b": [0.5892643635384693], "a_causes_b": "False", "pvals_b_to_a": [0.39027968793931933], "b_causes_a": "False"}, "bronze_survival_rate_lag1->silver_vehicle_info_join_miss_rate": {"pvals_a_to_b": [0.11155492729321563], "a_causes_b": "False", "pvals_b_to_a": [0.14723812814788667], "b_causes_a": "False"}, "bronze_survival_rate_lag1->bronze_duplicate_rows_removed_lag1": {"pvals_a_to_b": [0.9284775311545204], "a_causes_b": "False", "pvals_b_to_a": [0.6287214007248951], "b_causes_a": "False"}, "bronze_survival_rate_lag1->bronze_duplicate_rows_removed": {"pvals_a_to_b": [0.013451717851904419], "a_causes_b": "True", "pvals_b_to_a": [0.07430859322422294], "b_causes_a": "False"}, "bronze_survival_rate_lag1->silver_ingestion_duration_sec_lag1": {"pvals_a_to_b": [0.8473320965990409], "a_causes_b": "False", "pvals_b_to_a": [0.18014460745390765], "b_causes_a": "False"}, "bronze_survival_rate_lag1->raw_temporal_coverage_hours": {"pvals_a_to_b": [0.25376464801559023], "a_causes_b": "False", "pvals_b_to_a": [0.1954249890188859], "b_causes_a": "False"}, "bronze_survival_rate_lag1->silver_ml_imputed_fuel_std_lag1": {"pvals_a_to_b": [0.025951328609906482], "a_causes_b": "True", "pvals_b_to_a": [0.9492130461828245], "b_causes_a": "False"}, "bronze_survival_rate_lag1->silver_ml_imputed_fuel_std": {"pvals_a_to_b": [0.5782537520107162], "a_causes_b": "False", "pvals_b_to_a": [0.04477447104530243], "b_causes_a": "True"}, "raw_ingestion_duration_sec_lag1->raw_avg_speed_std": {"pvals_a_to_b": [0.8804276452885882], "a_causes_b": "False", "pvals_b_to_a": [0.28893707539768293], "b_causes_a": "False"}, "raw_ingestion_duration_sec_lag1->bronze_duplicate_rows_removed_lag1": {"pvals_a_to_b": [0.8937108696424256], "a_causes_b": "False", "pvals_b_to_a": [0.7545151911083776], "b_causes_a": "False"}, "raw_ingestion_duration_sec_lag1->silver_ingestion_duration_sec_lag1": {"pvals_a_to_b": [0.8019848322357496], "a_causes_b": "False", "pvals_b_to_a": [0.9842605777425601], "b_causes_a": "False"}, "raw_ingestion_duration_sec_lag1->raw_temporal_coverage_hours": {"pvals_a_to_b": [0.9643003077017875], "a_causes_b": "False", "pvals_b_to_a": [0.4528826006026262], "b_causes_a": "False"}, "raw_ingestion_duration_sec_lag1->silver_ml_imputed_fuel_std_lag1": {"pvals_a_to_b": [0.5311289084095961], "a_causes_b": "False", "pvals_b_to_a": [0.6988096373284858], "b_causes_a": "False"}, "bronze_duration_mean_lag1->bronze_duration_std_lag1": {"pvals_a_to_b": [0.10448430867477242], "a_causes_b": "False", "pvals_b_to_a": [0.04214196461801892], "b_causes_a": "True"}, "bronze_duration_mean_lag1->bronze_survival_rate": {"pvals_a_to_b": [0.34055961341810603], "a_causes_b": "False", "pvals_b_to_a": [0.07780041959706155], "b_causes_a": "False"}, "bronze_duration_mean_lag1->raw_temporal_coverage_hours_lag1": {"pvals_a_to_b": [0.39642001358707457], "a_causes_b": "False", "pvals_b_to_a": [0.6095179840594769], "b_causes_a": "False"}, "bronze_duration_std_lag1->bronze_survival_rate": {"pvals_a_to_b": [0.5571422860306521], "a_causes_b": "False", "pvals_b_to_a": [0.13090748200464564], "b_causes_a": "False"}, "bronze_duration_std_lag1->raw_temporal_coverage_hours_lag1": {"pvals_a_to_b": [0.35299521834689984], "a_causes_b": "False", "pvals_b_to_a": [0.8112065026337881], "b_causes_a": "False"}, "bronze_duration_mean->bronze_duration_std": {"pvals_a_to_b": [0.09685098684125713], "a_causes_b": "False", "pvals_b_to_a": [0.03927440195331159], "b_causes_a": "True"}, "bronze_duration_mean->silver_ml_imputed_fuel_std_lag1": {"pvals_a_to_b": [0.16640326099267252], "a_causes_b": "False", "pvals_b_to_a": [0.8277978798540684], "b_causes_a": "False"}, "bronze_start_after_end_rows_lag1->silver_vehicle_info_join_miss_rate": {"pvals_a_to_b": [0.10716997132611797], "a_causes_b": "False", "pvals_b_to_a": [0.21025419726425476], "b_causes_a": "False"}, "bronze_start_after_end_rows_lag1->raw_avg_speed_std": {"pvals_a_to_b": [0.2151732663950782], "a_causes_b": "False", "pvals_b_to_a": [0.5783510827278272], "b_causes_a": "False"}, "bronze_start_after_end_rows_lag1->bronze_duplicate_rows_removed_lag1": {"pvals_a_to_b": [0.269592807132415], "a_causes_b": "False", "pvals_b_to_a": [0.6081134063247358], "b_causes_a": "False"}, "bronze_start_after_end_rows_lag1->bronze_survival_rate": {"pvals_a_to_b": [0.9278097171787449], "a_causes_b": "False", "pvals_b_to_a": [0.0002680182724184289], "b_causes_a": "True"}, "bronze_start_after_end_rows_lag1->silver_ml_imputed_fuel_std_lag1": {"pvals_a_to_b": [0.6031484568118698], "a_causes_b": "False", "pvals_b_to_a": [0.7033884434465667], "b_causes_a": "False"}, "silver_vehicle_info_join_miss_rate->bronze_duplicate_rows_removed_lag1": {"pvals_a_to_b": [0.8004184945004348], "a_causes_b": "False", "pvals_b_to_a": [0.6490832454561859], "b_causes_a": "False"}, "silver_vehicle_info_join_miss_rate->silver_ingestion_duration_sec": {"pvals_a_to_b": [0.8722576820336431], "a_causes_b": "False", "pvals_b_to_a": [0.058137201410037864], "b_causes_a": "False"}, "silver_vehicle_info_join_miss_rate->raw_temporal_coverage_hours_lag1": {"pvals_a_to_b": [0.40301921610077285], "a_causes_b": "False", "pvals_b_to_a": [0.7697222496314382], "b_causes_a": "False"}, "silver_vehicle_info_join_miss_rate->silver_ml_imputed_fuel_std_lag1": {"pvals_a_to_b": [0.9606977774848928], "a_causes_b": "False", "pvals_b_to_a": [0.6922617858361162], "b_causes_a": "False"}, "raw_ingestion_duration_sec->raw_avg_speed_std": {"pvals_a_to_b": [0.17607667760584372], "a_causes_b": "False", "pvals_b_to_a": [0.805893330713644], "b_causes_a": "False"}, "raw_ingestion_duration_sec->bronze_duplicate_rows_removed": {"pvals_a_to_b": [0.900520507532239], "a_causes_b": "False", "pvals_b_to_a": [0.751572870586011], "b_causes_a": "False"}, "raw_ingestion_duration_sec->silver_ingestion_duration_sec": {"pvals_a_to_b": [0.8036901211622639], "a_causes_b": "False", "pvals_b_to_a": [0.9850928463285964], "b_causes_a": "False"}, "raw_ingestion_duration_sec->bronze_survival_rate": {"pvals_a_to_b": [0.40562101448485044], "a_causes_b": "False", "pvals_b_to_a": [0.4588021704126004], "b_causes_a": "False"}, "raw_avg_speed_std->bronze_duplicate_rows_removed": {"pvals_a_to_b": [0.5861075591085123], "a_causes_b": "False", "pvals_b_to_a": [0.6413533887123222], "b_causes_a": "False"}, "raw_avg_speed_std->silver_ingestion_duration_sec": {"pvals_a_to_b": [0.5367008286435225], "a_causes_b": "False", "pvals_b_to_a": [0.604421053278948], "b_causes_a": "False"}, "raw_avg_speed_std->raw_temporal_coverage_hours": {"pvals_a_to_b": [0.16378865971190162], "a_causes_b": "False", "pvals_b_to_a": [0.2793870486254937], "b_causes_a": "False"}, "bronze_duplicate_rows_removed_lag1->silver_ingestion_duration_sec_lag1": {"pvals_a_to_b": [0.9945565282839606], "a_causes_b": "False", "pvals_b_to_a": [0.7132514466832578], "b_causes_a": "False"}, "bronze_duplicate_rows_removed_lag1->raw_temporal_coverage_hours": {"pvals_a_to_b": [0.47388584269871237], "a_causes_b": "False", "pvals_b_to_a": [0.8441571053669251], "b_causes_a": "False"}, "bronze_duplicate_rows_removed_lag1->silver_ml_imputed_fuel_std_lag1": {"pvals_a_to_b": [0.21134138844688183], "a_causes_b": "False", "pvals_b_to_a": [0.36485343510940194], "b_causes_a": "False"}, "bronze_duplicate_rows_removed_lag1->silver_ml_imputed_fuel_std": {"pvals_a_to_b": [0.8540185640310016], "a_causes_b": "False", "pvals_b_to_a": [0.002331563319427631], "b_causes_a": "True"}, "bronze_duplicate_rows_removed->silver_ingestion_duration_sec": {"pvals_a_to_b": [0.970393433333169], "a_causes_b": "False", "pvals_b_to_a": [0.7143820699614865], "b_causes_a": "False"}, "bronze_duplicate_rows_removed->bronze_survival_rate": {"pvals_a_to_b": [0.6238886809405733], "a_causes_b": "False", "pvals_b_to_a": [0.9093104096029359], "b_causes_a": "False"}, "bronze_duplicate_rows_removed->silver_ml_imputed_fuel_std": {"pvals_a_to_b": [0.25533309108491514], "a_causes_b": "False", "pvals_b_to_a": [0.47025587108882627], "b_causes_a": "False"}, "silver_ingestion_duration_sec_lag1->silver_ml_imputed_fuel_std": {"pvals_a_to_b": [0.5783813904109265], "a_causes_b": "False", "pvals_b_to_a": [0.2394622012139813], "b_causes_a": "False"}, "bronze_survival_rate->silver_ml_imputed_fuel_std": {"pvals_a_to_b": [0.03636829668572595], "a_causes_b": "True", "pvals_b_to_a": [0.9751673847619599], "b_causes_a": "False"}, "raw_temporal_coverage_hours->raw_temporal_coverage_hours_lag1": {"error": "The Granger causality test statistic cannot be computed because the VAR has a perfect fit of the data."}, "raw_temporal_coverage_hours->silver_ml_imputed_fuel_std_lag1": {"pvals_a_to_b": [0.7761213902935784], "a_causes_b": "False", "pvals_b_to_a": [0.9713532585311696], "b_causes_a": "False"}, "raw_temporal_coverage_hours->silver_ml_imputed_fuel_std": {"pvals_a_to_b": [0.6863783605261101], "a_causes_b": "False", "pvals_b_to_a": [0.6116908947898784], "b_causes_a": "False"}, "raw_temporal_coverage_hours_lag1->silver_ml_imputed_fuel_std": {"pvals_a_to_b": [0.0674796807505629], "a_causes_b": "False", "pvals_b_to_a": [0.7172508238984543], "b_causes_a": "False"}, "silver_ml_imputed_fuel_std_lag1->silver_ml_imputed_fuel_std": {"pvals_a_to_b": [0.9787716967264163], "a_causes_b": "False", "error": "The Granger causality test statistic cannot be computed because the VAR has a perfect fit of the data."}, "p95_idling_per_100km->p50_idling_per_100km": {"pvals_a_to_b": [1.0], "a_causes_b": "False", "pvals_b_to_a": [1.0], "b_causes_a": "False"}, "p95_idling_per_100km->mean_idling_per_100km": {"pvals_a_to_b": [1.0], "a_causes_b": "False", "pvals_b_to_a": [1.0], "b_causes_a": "False"}, "p50_idling_per_100km->mean_idling_per_100km": {"pvals_a_to_b": [1.0], "a_causes_b": "False", "pvals_b_to_a": [1.0], "b_causes_a": "False"}, "raw_input_record_count->bronze_input_rows": {"skipped": "columns_not_present"}, "raw_ingestion_duration_sec->bronze_ingestion_duration_sec": {"skipped": "columns_not_present"}, "raw_min_trip_start_ts->bronze_input_rows": {"skipped": "columns_not_present"}, "raw_max_trip_end_ts->bronze_output_rows": {"skipped": "columns_not_present"}, "raw_distance_mean->bronze_distance_km_mean": {"skipped": "columns_not_present"}, "raw_avg_speed_mean->silver_avg_speed_imputed": {"skipped": "columns_not_present"}, "raw_unique_units->bronze_output_rows": {"skipped": "columns_not_present"}, "raw_null_count_unit_id->bronze_null_primary_key_rows": {"skipped": "columns_not_present"}, "bronze_input_rows->silver_input_data_count": {"skipped": "columns_not_present"}, "bronze_output_rows->silver_count_after_feature_engineering": {"skipped": "columns_not_present"}, "bronze_survival_rate->silver_survival_rate": {"skipped": "columns_not_present"}, "bronze_distance_km_mean->silver_avg_speed_imputed": {"skipped": "columns_not_present"}, "bronze_duration_mean->silver_avg_speed_imputed": {"skipped": "columns_not_present"}, "bronze_ingestion_duration_sec->silver_ingestion_duration_sec": {"skipped": "columns_not_present"}, "bronze_distance_km_mean->mean_fuel_per_100km": {"skipped": "columns_not_present"}, "bronze_distance_km_mean->p50_fuel_per_100km": {"skipped": "columns_not_present"}, "bronze_distance_km_mean->p95_fuel_per_100km": {"skipped": "columns_not_present"}, "silver_ml_imputed_fuel_mean->silver_ml_prediction_mean": {"skipped": "columns_not_present"}, "silver_ml_residual_mean->silver_ml_abs_residual_mean": {"skipped": "columns_not_present"}}}